3,2
3,1
3,3
10,135
10,106
10,287
10,4
10,305
10,218
10,76
10,177
10,2
10,3
11,23
11,10
11,22
11,14
11,7
11,28
9,7
9,6
9,1
9,4
9,2
9,3
8,9
8,18
8,17
8,12
8,14
8,2
8,3
0,318
18,1
18,3
14,4
14,3
13,1
13,3
56,3
56,2
2,2
2,1
56,1
56,0
2,3
55,3
55,2
55,1
55,0
54,3
54,2
54,1
54,0
53,28
53,27
53,26
53,25
53,24
53,23
53,22
53,21
53,20
53,19
53,18
53,17
53,1
43,3
43,1
37,3
37,1
36,3
36,1
35,3
35,1
34,4
34,3
34,1
33,4
33,3
33,1
32,6
32,5
32,4
32,3
32,2
32,1
31,4
31,3
31,1
30,5
30,4
30,3
30,1
29,4
29,3
29,1
28,4
